613003
943480
471682
825915
492576
471596
367248
956837
266451
147172
758417
106644
884738
346035
305539
296159
354418
371536
308196
7924
786510
557106
447840
148024
976709
819782
554483
585086
640717
118026
352047
361325
75706
772386
456630
889275
417275
97796
83807
631184
163150
382934
361896
929667
528563
284901
22333
939553
426449
47967
505173
841372
771726
414139
36536
696908
121013
641260
664847
911788
28574
40720
734574
325156
77278
121722
397293
489977
793218
981183
684328
77397
933452
979953
436773
860428
245386
471920
82122
881279
412755
388634
655798
251826
26935
623989
996100
286133
923471
218523
345570
841779
286740
692041
687929
672903
319954
827032
882803
302252
922021
934633
574980
264414
580058
563718
903572
746847
273251
54048
131009
844174
150834
81892
402578
92782
869247
819103
706685
391287
875852
109373
528298
998277
464988
739757
855242
890278
554984
665975
282666
562454
644371
138237
738224
786447
957487
881469
641722
555978
232232
774796
201467
392082
158196
208440
613970
369883
598670
300965
522301
127961
886455
48536
592819
386901
666667
509042
169479
742628
939176
52474
957086
847640
935744
936244
86814
360460
45386
214859
357372
663776
400622
885211
850782
288461
318742
244778
211682
142081
224255
444911
731183
80150
511884
968264
41509
555081
295252
588452
615177
767009
399639
570840
76021
423803
507117
515047
227194
819370
751541
53967
764538
705925
410574
748024
510384
125850
353385
91717
2516
59559
748073
929133
284185
568350
281026
114510
719138
924935
968365
926475
567200
10692
134515
214760
703141
793249
103537
169407
202049
225638
766551
837665
466003
600316
748649
753116
320145
475399
25289
605368
145655
907572
798248
758479
269326
359782
82174
193888
725490
456188
644385
445542
13389
844741
332662
8927
610138
723114
192436
747370
444634
604282
425417
600754
929781
436519
964865
422391
557807
203309
60274
985721
455470
211097
172821
321106
248512
905064
76042
890788
959508
952847
806198
725298
318184
640464
724786
771912
856615
859982
381325
445053
160700
359271
448579
129591
536056
153376
297666
710588
885732
271810
450102
217039
298429
689292
284487
674453
479869
756674
261436
237668
823263
776008
938669
110757
546361
764097
680911
413235
323217
222616
528799
598493
467718
877561
835307
303924
823804
978876
315999
854981
800583
217197
657172
46855
213448
260998
97165
872005
950791
936359
963701
904254
182705
175960
207236
869211
88567
213457
138896
905344
218551
723927
480490
543501
154005
656873
82665
48234
922967
881634
65648
564656
843685
99426
30852
321423
341583
410737
580491
254669
188880
491613
933574
693523
174615
818097
107238
454940
824563
696473
27840
886590
538509
807649
547109
936085
737692
908741
27093
870258
423671
549986
883148
358768
343482
675218
240964
62157
522088
302082
302269
93552
12533
53458
163948
954944
34917
158832
803787
736563
753560
523552
767852
566642
160304
680709
734542
508928
494273
211755
158526
785590
680494
228347
947394
32601
36058
286135
546347
784869
558976
607672
549721
220768
918692
818022
275130
411572
50564
732007
141722
928671
389121
666239
526912
299840
334576
347717
534346
497886
470126
674883
550518
19223
358357
267200
582584
260787
197713
484311
493780
366968
533027
247481
591362
587877
302362
563284
114465
10966
857699
686737
11759
735246
924744
952391
830350
285583
640573
328766
772164
463916
946772
195393
738393
750977
108214
52955
221729
597200
925121
604331
428185
933328
458556
922798
985526
273968
505674
309883
245145
644547
711610
375793
704067
745687
455205
862955
690088
880354
790767
781157
743354
416054
346862
179304
762003
128471
763878
466251
33840
523495
43675
957007
40947
621248
950299
166165
32155
627370
506269
556767
465367
389915
395202
674591
850432
637982
149895
462453
985319
48670
50388
677427
213597
567775
243153
109031
352901
858419
650708
931385
73713
296601
520413
954987
937515
655857
412060
844692
478693
431684
875305
450271
626049
966668
901648
732197
490670
953150
79900
406026
644810
926879
825335
216676
810418
461240
914053
271003
414847
90602
367413
939824
441864
627861
476336
187807
96401
112387
82250
533896
805342
16242
927307
824778
121451
151394
487168
35537
183094
618896
54911
101482
313005
248807
733629
121856
226575
821565
662273
953775
319937
717147
280366
471629
292101
256711
945245
193127
606332
397295
444352
968126
202267
709390
363150
689817
178826
561157
990807
505250
629336
558387
769848
111346
675914
38428
545942
189892
937357
133375
862053
570034
97431
313143
38365
247365
389729
890037
221218
133163
450901
570339
329908
243176
844539
253287
622631
989223
855718
146425
424189
461795
900007
658594
990614
212718
507437
122531
430025
91671
9452
489747
115427
28513
272302
722798
933167
428900
761300
754456
471430
751314
806673
855525
123854
240454
431126
196700
632823
997335
446779
910225
742863
296835
597210
262344
491629
596141
139548
349958
322730
478085
104641
514024
606608
824639
737780
973980
248879
237489
405
82029
450194
118873
959717
336432
15784
294791
993642
135209
171351
676666
238855
114521
193657
942703
358056
29084
15923
821188
99784
602199
793622
130914
430487
211544
850918
371757
736794
357686
530183
260845
753253
826323
464816
822560
744398
695708
142224
263777
160400
151899
364519
657018
590028
618845
676700
95215
363250
480457
416309
809968
204724
900244
7042
909080
172528
831218
646657
164827
729369
875169
308989
767092
792204
397776
369171
922041
129109
125438
938760
940172
274126
277977
781656
368048
412882
797108
469407
709177
360380
255691
908133
656457
583056
309866
63981
70519
684599
939520
119325
647861
156116
412893
241321
98844
752817
424426
39618
919897
622445
5951
628087
14417
417869
453001
913284
383162
445656
853308
488289
815787
712759
970902
439293
733540
723747
71858
371953
552125
686952
917019
756378
283671
945385
666278
770669
13770
137004
50297
686395
542068
980312
484125
240677
479172
78877
193870
126577
102940
719249
789172
228127
995302
604442
380266
809839
209816
114739
253505
399948
138764
801572
800097
202301
808078
183597
889333
260384
786635
820814
289314
200626
255590
614191
148826
155811
305399
580266
326507
803764
772597
369712
319551
327191
150733
498449
489743
459035
627364
73023
365210
637486
335646
183640
684960
845379
215220
118412
13240
884410
716903
834421
515820
287996
58319
910085
839376
902535
599533
248866
247343
650222
875820
899740
761554
780097
976916
819240
442521
961459
969291
109741
556840
497909
8270
882103
363915
428120
333617
883203
363225
928826
253905
883764
952841
953609
388867
811730
692623
673038
249858
21873
374143
136246
238577
761885
129278
529700
110688
769424
676273
826283
271915
208302
874820
904419
801484
228581
503057
974012
237633
315929
58226
943127
598412
766035
158064
972614
222333
363780
90090
408127
578276
691240
481458
609962
613162
138360
257260
152661
308963
961030
763859
434329
275102
174684
339691
367732
25707
242376
197149
129044
388188
997617
826854
972914
300394
751186
854555
357027
545535
430540
582177
328505
864206
37576
105082
769304
185332
756191
949136
109695
235181
729167
257466
807493
591580
712284
94052
630218
532338
148353
918692
60848
375175
76305
928600
804232
474978
713933
540779
161349
826765
925529
913085
303830
124039
995535
564641
259970
725745
321382
369444
12325
860105
121489
248836
78712
598927
106298
981465
849770
397285
723284
728821
710455
576699
295351
499606
735063
515710
74270
377129
817868
107855
180494
239611
641142
349546
617027
552446
816280
796965
447482
711650
491835
945539
256374
480313
598858
552971
524840
898329
164754
510757
375283
560439
169647
655066
62401
653773
403883
984991
281624
306879
141655
358857
8211
526688
729164
428712
759710
520352
196836
854109
864584
385774
15912
787448
951718
516555
874109
873836
880277
427731
836794
859312
283778
887829
22696
137610
423824
300787
79541
51988
323947
511588
842102
307952
786772
622207
218999
455838
537035
906743
30404
352058
670937
196917
656449
52063
224113
286948
638443
269528
373630
415129
81511
246750
706993
735149
666751
552364
946219
204094
722426
691097
76659
589375
912248
831485
196562
75790
755627
290646
310865
577857
701
305923
293525
126932
298077
31324
532268
236259
281864
800647
52599
810024
799888
19247
177093
904863
894211
58789
722446
705772
571338
79030
306058
33883
796147
99758
619880
61631
235591
730521
832850
647181
242348
599928
615927
806037
655300
707436
762201
678293
364051
957119
697102
569400
957622
29176
253748
801762
506817
54645
706477
933258
377480
782634
415864
38699
312026
376898
586956
392091
298203
241149
669078
192528
711003
856956
992592
12098
735883
394136
912860
551069
39035
195348
478690
706334
934397
220936
720623
160127
692953
284079
601942
292650
385118
560435
278186
690353
16183
64484
304790
16094
572861
522835
424310
274996
834313
232847
218791
4521
459710
273374
720040
547202
212514
289974
704143
520073
446489
168344
798057
15704
202049
491004
382499
174347
402394
5651
649810
887247
568684
28785
383833
800522
866888
585299
719070
418271
209486
985332
125560
122479
849040
467883
496355
954300
290104
451538
798701
121370
171274
335472
361253
21736
812791
882798
649221
435521
885886
801768
289083
153629
816073
170330
404677
841912
782879
238985
871443
782949
792575
383978
322780
801211
801041
917686
361716
98950
791289
604172
764458
258336
900944
445156
964271
757434
654910
958993
423281
197335
820065
584671
910563
707663
518851
204317
968079
516973
745144
111813
842471
661483
162963
402848
267261
756574
4198
281426
591428
307016
990481
383547
458604
441636
768168
404259
626119
766872
769115
459352
28705
141875
351198
175196
41967
727029
681607
534914
738479
972002
230575
566505
730719
236886
376207
169777
5739
388676
861430
375838
203948
394755
292617
10904
739011
408604
191118
804949
694157
887564
983935
574072
567028
693572
346640
798249
613588
147285
901323
236384
109531
408644
78005
102244
866235
679065
519456
286040
935717
827864
953616
363329
104634
872406
413744
590337
223175
678073
318674
170034
11112
211929
447259
560879
290523
765222
577155
747518
536507
14511
436820
723819
463323
443262
824535
367299
265718
852212
996702
802083
473578
244530
127295
987496
934123
868082
83760
952711
122785
709582
908379
536597
472343
288451
654639
964127
914386
914643
256648
374676
279721
638075
571195
42297
760667
211731
205739
773006
561875
829439
460295
157936
527088
181611
102986
610631
739104
425074
587672
189505
614601
719258
618394
37275
634120
151536
926185
184775
955838
940189
607453
186468
525568
791629
668685
967914
658110
116998
240759
449556
172742
248644
574218
571888
924359
297519
456620
613248
504334
148450
807043
798363
211159
511412
742252
102665
913138
686108
191265
732101
126277
335542
867057
971289
145513
227629
43983
263667
713706
582262
963450
655466
603700
720570
688875
773417
305277
417591
329637
803487
716043
562886
292120
454677
103797
236633
347893
958237
594842
306983
449646
212376
677267
574837
971106
547994
965383
367630
419873
925632
955219
252285
574107
360825
650252
301265
629350
585052
52748
291167
637839
528820
442555
343982
192527
437124
163627
571456
12654
810463
972297
912857
17316
149525
834319
65709
69435
454593
851381
272501
434139
719703
562929
995477
32217
902813
593416
665052
671444
168346
262207
937318
507631
540403
226170
832154
491558
147525
415104
728796
458713
861250
207947
818071
548552
507230
606291
677545
266442
925776
965434
770171
820823
815648
684759
212034
218677
97311
74996
487736
855166
692589
951006
787645
231937
574627
934463
211784
451732
886270
949306
561554
134643
628989
518229
501993
343872
408240
512471
621512
891725
499943
734370
803858
644758
413301
642006
869552
704862
3953
103296
272350
306841
739597
441183
226757
24343
582184
552050
845548
344669
324450
939136
587351
205542
641926
640605
772126
214445
255867
66440
915418
515776
811029
215996
620615
558194
736508
337138
603332
717604
404946
218637
227550
57906
868945
53855
379363
226767
878584
71148
92766
23270
689200
286519
485731
512385
732788
218100
143157
91962
973118
308626
177437
171855
26861
323429
398438
588579
941693
461849
534329
299100
565047
336122
268627
586086
871350
462839
364171
884103
554472
261879
573315
175706
931674
776368
695311
460896
66036
922878
228322
491028
914974
398117
258787
924272
171712
984412
941281
198138
344057
217343
501408
955897
655988
144388
48504
531642
851330
97540
901497
634894
803059
987342
79371
268804
2091
383604
194912
999477
669046
164422
282912
228141
84719
800252
314937
557705
973308
911575
414401
134225
423306
470286
463164
673831
148547
306280
688588
446305
84185
150092
402837
566240
183559
400049
414493
53980
668451
543243
870635
307446
120626
770680
510761
153230
147646
785776
872777
671030
491909
510847
703149
159579
698475
667235
669479
295983
875798
621493
964425
245351
744871
956391
754459
451702
172848
727997
210059
799519
480475
453656
153451
788185
326559
387857
922667
915120
202625
642665
775991
254769
590821
502513
742001
654258
56992
295389
43116
120913
569943
912796
370017
623388
363693
86019
670213
895445
339386
649076
33542
998028
500388
40989
846961
518789
213033
850045
908075
868426
222732
873646
416165
912972
44102
558993
85948
800446
577792
949506
305049
76798
631216
618630
673555
514116
242884
341111
653153
845585
48070
830246
49084
18257
456982
689531
423830
808101
103970
888719
640995
370370
340507
718277
529374
61802
742349
983584
497606
414719
692532
414371
371858
206314
692711
503178
356634
813681
995053
9826
218554
100653
908436
95652
725397
171579
87317
6951
309352
750970
642553
851536
556292
78582
155808
530623
532259
547788
413987
938013
191121
175057
882944
441791
769143
135040
969308
297275
760675
853668
571827
472088
18110
350417
52363
398242
901323
86966
847413
175053
515075
379691
884299
758376
742958
304783
716232
94788
666683
148210
7819
504457
734284
58032
983652
853072
818608
799310
773052
233978
526791
44231
72654
493870
644810
485379
710158
811561
253203
467744
770439
662487
199009
33392
901539
591782
72814
607544
971867
552206
245041
779431
356580
992258
678142
853439
718770
820468
406474
922698
305649
282764
483363
100120
947352
859238
357494
725250
756288
999776
137550
301567
513083
565013
131565
808807
442561
615986
936014
563951
994149
338603
621986
598448
596433
655482
323326
733684
538219
171036
177947
865790
712833
724954
263726
618486
665258
763804
769871
774509
665164
459163
481299
892865
806867
831421
725090
353705
526120
16
81418
23588
625505
585525
268232
988248
316242
850738
236901
819041
247534
417269
691035
357816
838293
634312
317230
712757
872124
698061
500743
812234
493015
391872
422563
540867
373195
765021
111051
300819
160543
182133
49666
988757
44377
250377
531449
141932
387685
703245
932836
887769
473527
472636
684128
162304
833011
656692
457699
620676
132663
518376
644155
979989
161670
988338
305384
260528
856929
916145
794117
123412
532886
665819
210890
294141
370149
876398
549337
634638
262824
821697
621324
102372
649296
384624
470847
540215
292045
579828
950740
410263
953338
834415
59360
177662
318652
371644
208196
532015
820056
431700
429282
738738
434098
786707
268222
586825
487028
103434
854675
957045
832876
203398
937030
524752
496567
372791
190177
11685
271360
418680
925622
916388
262794
293896
584771
986821
188071
478387
106882
350407
33508
227937
818067
962579
979226
334962
689997
134099
72565
935428
732877
740871
158470
384624
250689
556793
312853
882258
429659
181625
54936
488821
673641
915595
165211
189561
709371
49741
809825
793186
655146
327386
812136
1993
345790
715699
846217
170601
887964
149158
475041
545269
2438
982034
370293
820767
440560
643054
105968
185459
519341
1335
895689
146291
809465
442991
480146
808598
68079
643067
214186
703981
297146
898875
866483
467241
270157
450117
218053
23587
22124
798873
864067
491755
560958
775780
692090
521507
807583
260126
746971
485576
283197
484245
132486
269816
472397
685510
443135
342984
69603
839311
399312
150263
685745
840449
480406
172449
934044
110609
569598
468344
67936
255440
846029
269098
484204
963812
511899
330872
628932
983329
709593
765940
793912
858221
982021
950039
872968
434100
42581
99840
395835
412024
694851
762423
544431
478303
292036
978519
874534
996228
826698
294481
850056
375782
242937
845219
289500
148697
773293
120508
235287
243547
739920
666334
231014
939046
905405
428316
399432
872827
308632
160833
13321
983210
896680
124914
408113
274808
851112
1201
967692
256055
412942
3448
722871
634256
765838
76369
159215
505246
431344
802145
275083
516545
927392
521787
587841
495586
31800
283610
623852
479208
78541
111658
541417
874176
532645
718272
42517
228484
452301
326797
26403
520393
533538
714956
490273
373417
778823
702308
396634
28209
381400
822220
70618
169693
871704
157500
470529
577536
598657
432142
58438
368768
320036
136703
358845
873961
242958
451560
215077
25820
939437
488458
466688
654554
385453
432791
109609
816507
530884
93674
115921
351288
83116
192948
653185
29258
365672
632232
592156
960991
41464
458716
454306
143800
212199
814836
894385
249203
769920
794092
781727
958946
516025
313173
212111
406463
261823
838904
696074
706333
133094
52358
461935
128477
814743
204401
654340
339654
992742
418516
673849
480085
975409
733116
978348
388102
991593
409856
959966
529423
922218
369881
352568
373460
851407
243598
329107
538365
40461
247576
242807
188570
157420
55084
493950
663407
95311
850080
241802
388004
136771
914345
212801
611405
921358
8109
532565
446529
192749
836747
879937
523712
184690
506683
701003
115963
970166
100125
545606
924999
242056
618351
770933
823281
869628
690213
133737
410792
280002
882674
429323
521784
914713
236728
819647
823007
582102
554798
979189
348870
516295
421621
79086
449263
256510
229942
883015
534064
55132
376596
653459
426210
777937
583438
212122
832354
443233
519518
998018
644432
158710
846122
724872
819305
120518
271442
732304
659997
256609
888263
720724
291406
634033
275526
927058
600724
901893
482638
220034
501205
964600
281697
533651
270503
291725
530404
470833
352764
778336
573604
955537
216668
987526
279202
415216
524217
788925
601320
934605
291882
215300
788454
524824
933024
715672
286422
587098
891753
535410
398609
661091
642109
734036
491173
125601
293996
376311
33376
520936
729448
155257
340630
483638
813590
703372
120963
686068
63214
150325
411831
98460
489940
311306
208210
569358
980025
63288
112833
764762
669264
734644
726968
434923
854747
28427
90680
505650
113133
442764
691246
483342
669029
7038
298669
821630
829675
306877
772584
349248
581667
339920
125925
988195
205259
835087
590247
852057
40393
593965
324423
395280
627485
941075
202909
424216
43031
660005
251637
523973
836143
410520
573615
70357
248363
81165
313957
176271
221760
110539
606965
737831
958590
42719
262312
328412
934572
294469
160284
700295
403170
995107
940349
305904
743687
968834
904951
364806
731920
368752
797818
428316
791510
4918
582009
53021
770774
68921
478028
604376
944048
95738
734884
929365
595675
487892
181014
633261
258068
547703
345129
876684
569655
567278
61701
241277
446441
706747
165923
476104
707365
762720
84093
200012
778780
481292
304931
236638
860876
582577
711772
184995
47813
373377
98766
373512
72021
730690
954681
224586
377270
312797
892542
617636
454791
858680
122957
169960
645012
25900
397187
57762
990925
419894
565913
564534
981530
397024
750075
185976
818923
838998
518229
844272
935252
128762
404661
145853
583028
512430
663983
172267
148193
196471
120779
7220
762688
561306
385378
348119
367183
925538
25421
100979
419084
343847
353947
469942
306336
144943
30174
382371
279086
728395
699956
461790
921731
991039
962456
536655
725677
790803
179004
716828
305087
122620
623562
645625
925966
314679
871111
914055
580377
533925
289257
870053
874707
405017
783952
992462
138763
828054
968191
716168
633010
224609
950850
271795
365390
915853
213791
282703
636697
445563
441982
613326
608067
614532
561311
473354
8780
694523
163344
487015
814002
507760
489882
622691
807580
355155
651005
928089
406871
84038
182319
327738
653994
901013
344776
378093
800624
598152
49004
526748
97121
263940
271436
585230
756634
554493
132120
179523
332800
931128
12770
748406
505890
873519
893200
602774
347787
993971
380748
723007
253119
929501
360902
713666
193678
917488
860556
398054
963036
409209
255859
435374
769794
605377
314254
876528
983086
443503
489266
788775
483011
857680
896733
361200
531468
950755
874211
338931
637393
192221
438718
154320
261361
119361
764858
532110
796458
127661
310120
320953
378427
82975
222709
424858
11630
358053
37276
244785
129699
643812
837565
226176
352927
579116
549769
394768
343114
245438
362304
250275
244816
58621
842340
150619
203618
597555
441201
926483
53747
356035
642470
678069
357900
267891
34240
989631
919193
952013
552316
666427
87326
26703
549582
938684
96656
551594
12770
41128
788098
761473
662002
283182
298656
170643
128923
191423
6693
897777
804692
136774
528432
180575
711611
971923
248114
498744
184977
208747
293165
184171
143140
951443
267114
440753
476434
901751
968706
639079
976230
894385
314139
131202
423759
368980
128250
515651
255177
475632
915642
252025
229286
986600
584496
884522
186078
703429
628911
458773
442164
204937
397105
805753
586553
16245
901038
940412
696895
345210
530123
108505
689892
261578
52105
749062
682916
376691
288164
876739
422657
971894
331919
166733
362764
998222
704470
158461
228187
662767
446042
775727
907558
712854
659758
666015
300372
523670
338550
812546
37285
110952
126404
862546
690765
792422
511721
669427
59359
661953
708541
778202
942851
533463
895463
295383
153558
307168
257954
656852
246232
599257
515973
830950
432455
303884
801214
329808
124791
851761
432982
578685
691349
660188
324909
75865
259712
511819
722343
715670
193595
568866
512472
126713
501029
386757
10771
459103
487144
618201
485599
403882
800973
560117
381025
526121
444368
359362
918279
770077
242822
348885
349346
652966
290681
511992
219463
543502
947178
961462
379258
194566
415642
551340
919982
585832
510262
524626
798302
582901
14767
130197
28201
986955
480704
871988
676544
920329
32930
132765
331629
173605
449558
660621
1199
990262
310644
571629
200539
553516
791658
840166
546487
490460
896211
206461
303151
650997
871743
857863
82348
950857
583326
599123
960636
466986
606453
97728
313801
932031
344434
662614
428852
642753
384254
185959
174193
647969
480286
394336
353724
189026
368318
367681
44404
908640
206684
756377
958103
741608
472558
97288
100779
375503
642930
91913
39786
49206
889741
880763
378850
30817
100473
879115
878469
994721
200153
799015
534022
157200
102213
169480
178468
156764
226332
681390
803486
109371
117876
510478
127645
205502
172947
155850
6969
907093
831501
969225
695058
529701
694938
913707
273919
563250
41346
359507
702037
258579
770105
753126
526028
189311
261348
274316
462182
69391
918822
831173
2676
548047
919384
301993
154226
925445
573859
95708
813819
532716
110688
435548
438158
567934
206935
365332
406466
768233
407025
789721
831753
381328
776101
465732
712985
305749
355335
522478
514665
519226
444645
991015
82003
895536
444816
236741
655133
246032
532796
341969
415028
854890
385468
500474
373060
701459
13727
645158
633865
1479
410468
977400
704785
440315
634329
242062
24729
177569
998832
849592
744082
726173
706243
40403
296661
403599
847003
90643
258348
54163
702955
485214
265327
518249
175915
406275
647389
455672
650793
690420
465369
285489
970301
149755
76092
799437
163879
52234
270524
710012
519784
849922
434237
287575
65616
528922
967685
389255
536287
154040
576384
87339
586946
740108
736619
877802
151277
588888
247032
870535
289322
904557
94981
730528
123127
868262
927975
528255
860966
147191
689031
267386
435251
910797
962936
955985
553427
145784
273590
928175
117053
353414
274558
169026
750159
207205
337725
25617
165464
699131
553029
213486
138272
824195
399618
491237
307608
910547
345769
668686
526647
990972
471885
252131
209248
723544
110399
599935
3029
321138
98647
416843
699025
599874
385494
795162
391352
652380
329251
842816
267810
902758
539751
493622
512991
548800
829635
672429
819275
366489
521899
847836
922108
248888
721753
115473
513021
455735
922630
647522
6353
926090
133
828477
424655
474989
658391
116773
190556
840167
331723
781949
205024
531045
536710
542800
752245
772873
909898
435497
835679
999599
370294
76680
301836
502992
705678
627659
36782
864661
888644
609420
248160
761586
670586
211216
803754
413494
875955
880037
213126
476913
852105
704034
327428
423320
116676
717982
554063
443400
435299
893000
120003
685546
741764
131961
362380
398382
644924
107395
106783
58494
639811
860090
9100
198383
321548
249089
560661
84943
794778
364454
63356
712097
603442
591447
44870
340678
962544
673966
146574
587187
425679
171046
557525
774929
714910
303179
469728
445754
884205
770642
336700
781703
800312
871247
664894
326106
22614
438252
8333
957552
238368
709573
858907
887880
527188
351027
105132
885601
335954
546866
982584
78809
853375
539197
38677
69596
305959
150849
894808
791177
105382
97247
933631
895672
805925
421540
915638
62959
770238
753011
858622
941874
745108
462999
86502
198864
169899
932680
892368
632222
608193
926068
575337
680778
918683
681410
937125
258514
207724
644692
508757
284084
564032
464670
463381
32229
404412
563433
327863
816411
916610
321392
217242
730406
715972
695745
516932
297183
195663
761721
241590
544096
470857
309342
466799
541067
191841
65296
16606
278638
34913
495047
851716
107553
449685
731919
861711
32147
613720
493409
711095
87383
195924
213903
481060
767171
227310
927506
760572
664765
670350
548116
124380
898129
361103
900015
616453
816057
222197
598605
415458
680453
175689
461768
644454
220404
946468
882986
49660
329744
69327
917480
977860
283767
514576
422168
510258
530024
440403
523765
334729
747702
378566
769860
703985
540381
811423
536123
411761
156450
408483
291413
94932
99578
747153
732374
233846
345660
94080
59981
685147
508296
576691
193038
903267
51767
74611
418420
280942
544325
635340
215182
476482
659674
481687
855282
98486
889890
527986
935565
320835
391967
947534
271728
994240
686163
595010
290352
882315
454012
186080
438369
458495
573243
847577
147606
171414
581357
344284
359648
623995
344317
273867
181062
289779
594504
515555
391339
193431
451614
301412
487854
96379
263763
417206
117507
947897
55678
214317
983484
426390
364301
939863
999677
807848
612789
915256
837565
774438
223644
375179
450689
733192
851994
739254
888815
331664
870759
787392
90875
184826
432232
960691
79101
240851
868471
964176
331421
418427
536126
920084
665881
236179
171154
148038
396740
835515
148414
13768
25730
281400
410646
192534
520252
200240
282039
580904
392570
855491
154431
331795
357701
35102
516421
664575
88986
178522
447857
523412
187563
748131
607909
911684
942427
342668
268895
491196
392885
380359
383247
683672
936027
633966
490071
781192
930865
311551
576304
196427
387734
623939
863047
390142
393245
52512
624639
273575
882622
61430
800875
814797
405531
247406
121196
150475
271479
162243
120426
508087
571638
620980
153107
971035
139030
660462
131112
719430
135710
667708
477798
909834
752824
749317
662414
118770
147960
466294
25904
106920
341587
86178
564666
429666
248785
124534
69180
606477
370176
820405
580962
428455
271031
304054
503798
778786
485073
917832
572164
314474
656072
579622
318134
722522
202256
612609
804468
223801
646322
988779
979787
960194
773650
145993
809709
565496
703566
445355
814109
45280
733108
202269
786533
423615
54557
766947
341262
486114
220020
766844
764082
948082
448475
629437
898645
789358
3742
593683
521354
656967
672840
841687
568498
517022
430402
598711
281556
631830
777269
149243
422507
650377
697452
649632
203418
144743
231561
687072
839749
137425
5876
16346
183909
589296
623889
418476
483980
521949
624398
368820
921573
555341
615110
461893
565871
590280
344884
114005
71677
349532
775905
303595
569985
503013
161591
908642
523926
333849
14407
542363
414928
477702
277989
247063
33948
698117
272417
939828
466619
745389
620077
64350
610191
366959
330605
128976
712959
178044
481819
320637
302668
262153
976791
163236
536690
73268
969612
454961
930862
468921
897333
535852
332532
213337
955698
475861
931445
48824
675034
519975
102566
790258
461416
623740
45443
28425
442027
352973
924455
939114
858839
60070
708338
368431
669866
745738
62271
983727
21058
996643
19811
148206
858690
131804
679805
859854
311488
136722
723386
172308
606702
718776
893798
396042
871447
741391
304761
18051
893451
97667
307489
205544
355487
833808
975075
779827
244484
143560
671831
128725
325355
636998
585539
807723
450388
795674
383918
523288
990424
743016
125167
923519
68115
118516
18347
352839
927919
826694
939862
806815
902393
873825
610598
597212
675470
918138
26673
290109
226847
770076
506142
177865
239124
57321
947090
898852
287725
973549
65083
388367
382629
912487
723491
166346
229510
211539
684712
998839
939434
519412
848678
82808
159540
604910
289998
224789
678069
531365
474553
215606
77198
340101
196750
263390
755928
229465
40514
826459
688062
322904
555560
494167
888055
288114
154292
358955
982479
92411
525243
731191
879829
767025
575585
71717
114112
426709
454916
984138
648126
346247
426315
515524
215924
265638
693205
29620
924029
765655
285172
622709
147523
392964
203254
999818
454933
658574
663748
608119
521548
75305
552025
386057
512862
310330
973851
2116
396622
507607
272742
393054
402623
440841
725024
957110
151940
950323
426567
937412
157356
590835
723683
577058
36368
788132
642152
594158
628082
613935
864363
749775
430710
868831
740150
102677
38771
26725
640
144638
979562
609413
310702
668759
557860
364940
202365
583831
332400
767390
229893
97290
919541
349005
570656
81824
357703
187413
351366
576335
840488
892892
95396
232632
308616
17673
388036
351182
958311
674994
695020
626338
788440
840991
656874
16494
207583
590972
228406
604532
359868
957622
585802
490888
570032
102339
454410
235955
266624
387218
813564
578174
710624
364200
782997
224465
238295
936577
380396
718577
706760
847035
883129
328076
660401
524924
278584
400845
276788
544597
899860
661776
420414
946210
258935
906718
606220
990535
110540
525827
475495
183146
405714
492389
856483
553890
341541
587761
803721
273928
324833
309636
187506
200087
702790
952955
262127
658814
810382
669222
508007
543198
190148
44172
746969
927260
908498
573
947092
99822
844162
101544
193938
840327
969434
617937
204331
401070
396471
986404
587269
561934
536160
480882
533913
510893
258270
782055
827829
855761
900210
977491
51332
663162
978322
824433
243442
664963
76225
494280
716328
795171
619641
883100
497492
572435
765620
307293
945076
674009
728487
963891
25787
205085
426104
477057
433398
992586
737752
818975
642868
377137
54861
831201
984632
363802
953308
732769
53809
213801
479474
642525
485775
250425
738419
85244
318487
639776
439901
200362
816232
952271
784783
254529
913767
989800
815094
336759
678740
283307
991873
556820
641702
718203
610929
642560
726287
724183
84806
412738
474315
271877
828589
955626
444514
291830
43123
566421
516516
278516
571148
795822
446925
354843
765046
213558
181308
965935
175962
110185
471198
106675
694655
455246
116821
774385
548783
443826
343186
129074
431252
209651
3477
830816
266484
994924
916590
612390
729548
436720
464026
403226
934754
760927
668872
761574
962637
562725
767421
196437
885746
328569
312529
349950
311182
736368
368562
895110
211117
503156
734405
251043
122501
918033
454854
99960
638823
95871
353112
180852
34374
665360
210147
990885
320020
103538
424114
149468
720184
706874
936450
589815
598076
213571
670741
771076
32557
833394
441618
122212
44142
183044
38524
641615
920296
628275
938739
151428
897961
560885
931893
673366
771265
949805
318426
416338
98817
628875
781807
383884
694656
944580
149998
955352
461254
450998
660000
582071
400757
285072
927578
528737
650609
174125
95495
963521
675199
282265
667484
342649
739958
642878
353237
626047
958658
189289
999118
590078
554053
900910
63465
598475
810746
449131
886525
647108
769363
19503
513454
574427
311622
494391
976330
248964
129442
451804
46122
627944
392660
804067
236185
899765
321872
977080
87384
92857
805164
796245
840601
205463
320398
917599
390522
191263
778609
463240
735147
310886
802099
70802
421011
393768
995733
716811
207148
222495
924917
257073
968925
119719
76536
6766
486585
859383
865853
244418
271258
936590
262615
906036
444686
234762
935637
286751
65195
671961
30750
254872
506874
155638
356285
370415
625788
371119
655250
302940
958935
297597
776864
667828
715038
466922
680365
414922
319967
881708
206322
724530
106573
185740
261586
703760
711615
904605
773590
106184
431222
602862
883294
959899
824484
226673
180818
450825
912419
955279
512322
508043
560581
562282
270871
498490
776403
978811
650114
689815
310930
2005
740085
301180
236857
245335
296094
307637
787484
766235
817307
977270
107682
138772
897629
820738
690004
434057
339836
517018
512560
915116
334951
743476
467542
930505
909305
996456
144765
894680
859099
57952
546411
99620
907511
980278
329189
690946
819791
956211
868719
277100
28006
246914
35869
414393
314628
855657
623673
656135
498140
496619
762476
742917
557245
858842
611997
37696
65653
107996
15084
101730
276393
222567
839438
781932
442924
833328
420148
948245
248604
667995
195614
199001
284608
126288
157290
947255
887253
737841
311136
610874
130296
347271
389257
243742
650279
432522
365338
395215
310640
569682
781275
896396
516402
398730
82811
330577
404402
869911
193506
556974
493878
492520
227556
531425
672392
412832
275812
548119
479390
537058
439816
703245
271340
510172
271003
761229
646059
450271
150971
41424
232952
22143
92376
33518
178906
491272
608837
347669
450945
48435
52208
523162
377594
650381
891000
366375
753171
877676
996178
965961
278582
389690
79297
268755
550867
429839
93239
610899
400227
224238
100738
795811
213901
310986
240339
767048
454162
186881
738061
185335
357760
235764
980525
30762
523910
109250
941691
815984
174695
502729
853970
70468
278078
545708
801079
742141
897511
801044
430021
980432
950809
487922
401157
839819
14882
93386
168504
222181
770837
773481
18261
995590
863105
383506
650589
959581
167118
673782
947699
946033
755595
467097
942454
774386
703466
525143
286298
250150
145179
571527
211603
661243
198731
892267
757950
571873
439160
303933
832616
674356
427105
479630
722393
433136
727644
695000
842292
874649
965632
803438
60050
450965
832998
689551
548931
775173
280290
260841
785881
430741
947207
176493
827357
313739
642306
258611
345261
44181
239147
502532
147281
973664
462563
822222
327122
750337
125075
2050
998043
709915
540569
125417
363075
194056
537978
870085
699325
348791
679251
673578
182266
230646
804421
182907
564303
307338
237396
259978
846082
751874
480958
965193
540857
195508
673095
171060
475562
71364
877502
291116
827353
669462
622320
187142
827657
803910
436133
840029
707505
360751
727884
497673
132919
684518
142637
595547
901851
719942
448051
203979
348803
862155
108476
641184
611275
602854
324840
503672
395087
903353
86155
376624
259964
702265
720717
194510
661434
653867
853629
157523
207699
42186
609854
472062
675117
535380
111981
114457
394980
424409
139763
609564
233194
466508
705687
521619
522052
293917
142292
783274
380624
300116
361542
661581
449689
910180
70108
513181
977742
84533
151623
782171
75098
230255
196768
917236
277074
268548
618971
581879
486892
126619
605311
506018
220879
907736
185321
783816
977741
18568
412906
199486
138262
912264
188885
246322
83292
551244
135716
857372
184949
540992
577062
996147
871391
507367
8034
761151
657681
709333
490118
946366
57426
655044
820629
984098
296272
713673
344704
901690
404937
364561
856516
123078
680251
73722
190479
498110
747892
236328
325021
285705
382854
253710
673716
582442
780973
753589
224247
460470
502763
233560
347503
64767
838796
235247
288877
447012
681905
606453
241584
548394
867436
508627
67852
426809
77722
485385
867043
130549
104743
215121
127731
729426
612762
274036
963911
527320
873415
792792
681821
794304
542343
30920
118318
943610
297930
215847
208206
272778
602359
5197
675005
752939
745942
988649
652069
195747
440922
71754
589055
365303
856651
769738
279802
401434
284805
616256
871653
917784
585346
997390
924443
586776
809898
455615
524669
338144
918320
263127
353812
920995
214044
840545
60161
272603
236591
855817
371229
439664
120377
316120
459452
636730
737336
745032
487992
331667
783009
398208
869175
735720
107944
781339
589073
196895
160156
155345
757445
355890
502159
503347
738166
73747
318013
897799
656957
548459
911766
59514
400133
90158
830464
869739
667034
946198
205523
145724
285945
988314
263194
498012
923585
927549
408698
693874
289878
654804
878888
92192
413681
880071
39833
582180
822134
464300
954604
759711
691024
844724
548359
567733
882820
427989
880332
870004
242187
185534
721764
236844
541538
82246
865936
728189
98737
856
578119
926322
557391
234331
656747
420169
780927
426537
888495
715176
114017
459571
909642
893285
227285
246527
439293
364790
600073
395061
338306
628344
718519
129167
269500
906304
512741
524928
158029
402097
543543
72352
539094
397303
81738
215731
675928
76873
346363
684732
570856
477617
672881
187365
132077
484135
793129
136918
224176
610187
194528
928618
263417
484476
312758
81448
792972
427773
539509
396423
183091
82558
155317
991760
712838
247859
322227
860570
618046
55877
589758
610932
846714
456030
722963
524376
447919
171913
301123
510352
911410
196348
526841
839600
323902
964244
640899
536742
269712
434442
215472
416543
981452
483468
943498
39461
785149
760346
702525
131720
925179
538616
603599
760362
22497
870035
596936
525409
26926
490843
589496
466522
667680
858107
26321
937786
917187
270861
532187
120919
430947
625932
137703
419352
557214
688449
824182
237838
527459
639600
572064
500015
349062
937512
807032
234454
1093
196296
207446
27577
330826
618855
371828
471076
401078
204255
890668
40440
463981
891111
111815
192875
835526
975137
745045
198337
305808
666780
868356
94124
777877
245327
823112
988425
679663
751734
112341
221881
553642
110507
522847
721196
790279
931326
149676
984275
941955
192997
709917
609985
730238
823885
558544
431728
558884
82098
137711
153697
193831
935926
223637
997573
480606
721460
21435
396307
160757
363691
856230
506257
500012
456671
840325
412341
371525
652667
653144
83555
914217
954262
259740
788390
512909
910384
738717
334954
542467
743538
131738
468001
639905
558440
568661
853610
203630
153331
798572
57198
149780
694855
308499
37471
398507
923363
352087
907370
475480
447255
599861
22353
579499
430020
517957
239585
481692
12409
266734
217365
271947
28518
166767
458082
60937
752899
823405
900784
930428
391674
21728
395110
154000
736578
875649
457459
469234
689205
484065
158185
216678
803638
284325
10
276223
436387
525691
410530
385865
893909
637505
35879
706404
419131
433289
830744
187090
632174
244912
43985
912636
225224
396742
160816
491728
561923
304461
595548
258478
731402
86403
172207
760063
249060
934957
22582
134501
503412
741426
609285
209012
164571
117211
72739
291333
681538
281943
110593
317371
13175
242480
569031
757081
446557
8306
743090
232553
262714
682273
167389
682570
233952
236382
737240
528539
136632
773142
906437
214180
184002
682373
997819
166176
852531
688023
169629
605957
871395
554403
943785
273149
267919
786916
330578
391939
71984
295786
179773
920068
726724
995405
528810
739037
737162
36201
260238
949657
278406
388352
483252
536021
716439
305784
562576
608263
837308
202954
118170
801777
942978
371399
453778
492131
882971
467265
750705
883865
999536
309302
668897
245502
35563
62133
398761
509550
803419
248748
941551
903610
658971
814653
67753
455745
206073
723542
653133
265776
765723
586172
88735
905180
110828
819855
127498
993956
296645
16137
802419
622522
99057
847639
954148
757852
945156
763559
250038
950884
54632
348382
887412
326053
437565
888994
259084
22816
660432
839284
785422
23434
611715
846903
397032
303481
398183
835101
334871
815466
998824
436849
579155
443729
461683
984650
752361
266555
930070
929727
56797
822445
316588
406238
60148
642739
276022
204310
532802
5796
496832
318758
844466
675298
117674
422151
591089
932439
316005
510899
515692
748607
189488
576529
240187
618513
677010
731309
122503
803338
993185
615121
991567
442856
603328
216089
837988
377028
556660
354812
364228
466550
473551
972576
592854
185055
454699
350975
252802
691834
235773
600572
86545
16962
123375
764879
731431
211711
233468
677570
695109
288095
53330
916716
852933
540918
417913
88227
658801
204853
160153
805895
405212
178587
250836
762462
463008
165752
108377
891667
184439
615945
100282
294701
168727
656756
114610
152232
239378
376445
815713
82912
130740
943236
632507
814913
505195
346177
619572
112050
179081
619202
43245
40164
227599
631762
785421
848662
319047
776723
699762
565274
283338
215677
757597
874389
274264
370728
579194
645957
694274
727297
715059
210032
654251
926737
926015
837912
272190
347038
752644
510337
51847
576976
487532
244272
103808
395789
367871
346484
594402
717656
199787
392545
962892
842795
248709
920066
827426
303870
439754
144067
896620
492621
837934
782870
23367
6052
337826
333048
594954
323768
853757
871616
571349
509208
799139
861830
156988
334490
783368
459484
485002
905139
775571
238198
810469
752337
735743
843848
626563
981004
567237
707520
891796
660982
593566
389064
305837
256319
692329
642502
705255
432771
774789
121694
841854
625830
97757
643556
598715
711746
566910
85828
419324
684331
63328
704150
447922
87529
638000
230677
575141
801306
791903
408501
189846
68227
99227
307639
774095
515323
972484
467914
659789
171025
110516
356993
336941
430006
796192
202273
152982
19944
706814
540690
635749
249568
239399
367588
701095
274204
407481
534870
694912
774568
304734
42570
634848
231425
500726
707757
723263
136813
307597
766547
995360
849327
319366
949817
235695
425199
955355
663426
701903
42807
431987
664813
648595
64755
372716
545176
388517
450895
870653
432495
10304
744423
302442
332279
93018
422625
909482
834537
552746
187623
575433
702385
648834
37608
182847
549290
81512
923697
348007
981127
847708
963395
734583
448252
187877
124548
278761
651294
488413
103632
90533
739176
425769
42122
359957
341349
39157
632582
793717
976115
316624
903377
79085
888196
6817
427252
160395
556847
511214
929768
405411
914197
218998
55254
897144
406043
424842
113963
291223
77877
412228
983745
645894
256467
1939
860755
15750
114730
467046
337822
787978
842965
674967
351863
364952
471509
696510
815313
584435
618299
998939
569759
243659
855635
928720
934361
882926
948687
677056
459131
958223
372924
40188
57184
737807
655872
224563
398261
290280
81268
143955
295563
123127
259298
519794
165262
634138
730316
581329
300422
942207
315070
422023
493677
672436
997470
230044
201864
734143
338469
159441
139238
569464
230959
206948
576702
513566
470050
552679
645339
587137
389439
21663
369753
923088
949699
457596
511056
317772
117981
479378
680133
838934
421676
536361
864680
217342
239679
655362
714353
516421
433547
633630
256613
771366
822190
93580
658460
883201
184560
955394
283065
160566
911278
365558
222598
73069
192440
55307
320293
196818
196586
466140
382630
476783
711499
370114
289469
90535
382422
784348
897084
898604
789208
907096
687907
846182
982699
363938
990914
704690
94814
345939
693880
770937
747982
897844
986516
808087
53885
703769
37441
973952
164685
123427
811585
503103
409618
980751
83776
844317
12109
57827
156967
483920
621925
630768
851839
78036
982302
560614
304689
996989
788967
218945
557953
529274
23232
880253
940576
327115
868630
780882
73160
982090
209760
242392
816941
658115
677702
729420
251065
504602
219606
303814
487997
489003
94548
540749
847041
784066
837356
673289
709101
782641
297859
191813
748437
917622
996751
900805
403048
290293
199284
442448
326199
465184
135603
89016
603186
227133
13991
962936
766324
725931
436576
265341
678471
45069
584684
866335
55649
338669
225348
106544
743854
235115
139813
79429
523956
828963
535702
904099
748924
622511
875615
634079
447921
338935
877776
770294
208359
495854
167424
966734
117763
465651
766986
998919
709150
126862
709186
86735
498501
778030
89845
882130
796844
745040
899067
113639
623750
571345
652085
118758
418004
974610
428268
94772
166471
158552
556235
15845
936956
671709
884362
390573
569075
801742
303207
757626
834373
325699
316833
495736
315264
639055
472592
528026
632057
326591
200080
228968
800887
813860
531039
374740
688284
998275
208718
536772
241679
273351
807830
382877
72594
480418
573064
754009
929123
795122
282848
585036
115655
275582
130992
42221
490293
872496
272090
986973
430935
602025
612187
651137
668870
419911
202395
797783
261928
665062
416204
569277
912394
700706
631238
121996
391861
235071
596556
860244
833147
564633
169892
519961
747654
382573
173998
823319
186072
598476
222688
80216
940703
549029
13021
508384
762450
123575
488690
231658
308596
970254
397270
90835
805239
589093
114841
881924
750468
39947
501860
128049
415273
343703
602483
871293
679258
489775
493385
645956
782013
856478
486988
98729
14519
141170
134078
489890
670606
991695
95903
480769
98494
583226
762870
535169
491823
47347
626629
686029
774432
852526
653498
967058
615806
843646
861833
747902
120886
131976
973285
31059
43805
189122
54759
273094
678745
603206
789532
136589
912132
316254
416282
768714
936544
234028
989643
113812
683089
300758
197749
798773
385697
552565
427323
335571
310677
410524
867354
494495
4144
594863
950394
749731
306860
645963
670367
794325
530532
436836
154070
23949
471195
846151
14937
165288
678439
15575
769647
3916
170496
405904
879754
880214
823029
298256
288337
507233
479809
714738
233835
106700
308755
201435
878939
441451
504692
320166
168528
601528
704103
340356
314056
229005
54621
86417
549987
844680
416799
908233
733927
266673
772171
162358
477220
994891
259041
756233
7805
224351
23943
457671
97333
662367
20485
379882
586803
836290
247352
746874
36306
80095
963509
632094
370860
776578
362458
216611
352145
823271
793557
969443
833287
156777
775427
831427
765884
250964
130692
544808
289492
16693
189893
803346
710742
372154
476547
290037
807378
490215
345897
614225
932240
300353
985445
901530
320599
847760
874678
609359
887993
498387
149370
332909
272777
356520
450272
209912
847838
540405
340110
865255
507160
859416
689837
441713
210459
983268
175004
127986
460134
931081
97560
690097
119122
261577
203373
146961
427856
749966
397047
665234
614964
844102
177438
344495
634261
971951
723114
545449
885904
424179
414300
694410
730375
926808
545990
95482
295578
503637
682807
464238
794885
880962
302972
469827
650598
650526
108676
167952
460513
389620
253510
45744
497002
580259
469185
846006
217966
885753
804609
162034
909263
297153
48282
523126
35353
621721
386743
696979
743372
124320
990578
622275
946041
355921
948666
389191
436229
596443
643910
257779
478986
383884
900886
100837
876849
503484
830048
921729
899861
970408
726299
620486
408642
293088
40859
108069
172955
771339
918221
321508
110216
199149
929729
468069
317283
195203
877079
964663
694181
284680
705798
382773
21337
409552
952145
469112
994272
453197
188096
713276
678423
938934
567525
677169
80557
355316
115495
855803
822846
813529
169119
268431
702418
239670
901439
274021
729229
63083
887912
578797
754906
783703
417542
239882
53692
596540
492819
640963
905669
929928
331829
680250
870511
171968
902193
776271
998807
86004
518925
838262
519933
509957
590066
715232
882092
963673
112192
313563
841869
494270
783891
886792
370721
159253
144445
272141
914245
466617
70683
267798
705980
640023
944220
682645
904667
698703
583714
229420
17346
308071
62105
733317
969942
897409
378723
845686
194953
10229
978607
771857
999998
859648
528595
623768
948078
696583
174071
86122
586450
188823
693160
217402
716641
446637
98198
723356
377715
31921
818826
134489
669906
385931
101030
361159
678428
319377
19953
588624
730590
372227
624566
797662
721123
135424
276197
520476
85930
478181
132452
597476
887364
962163
515243
593650
971438
51351
381444
74179
600346
485894
900371
789715
603469
943687
469965
744001
273812
877869
561319
568269
950766
911003
221700
103804
674428
574304
146917
288550
520556
807223
929837
21370
613844
312790
200344
833539
471358
784182
812406
73422
865085
84789
703186
776243
878921
212268
38009
332019
282347
717359
56864
579412
421016
163871
198117
211767
693634
744780
848252
543510
478772
982824
68095
131538
845093
770779
159083
564485
761203
330149
552700
125069
72924
118976
73878
63622
546557
511253
188352
651062
573237
267681
185917
886742
947322
182557
167385
95464
209740
238276
553934
562543
643429
502480
29276
613147
51250
24184
551626
417340
362628
276675
165686
528630
52750
974218
88300
243567
236917
599519
351585
738946
199986
995295
680224
742217
790609
82787
460436
159194
961212
376353
200486
666828
895567
790905
162867
64160
35482
394912
720189
342595
194784
899514
385199
698147
41485
456170
8975
398882
87649
362060
45733
702304
99365
729462
833740
400737
716675
599631
94143
291040
356646
822815
815594
779979
898569
914097
733820
762378
366352
957736
638589
162405
890933
90116
373201
398859
227950
499441
310248
842336
999826
739828
877815
231699
582041
71158
657410
490093
443974
650131
501228
659836
838100
489797
276570
313101
43803
698540
679882
706103
422506
95292
167342
376431
470090
863411
514592
900940
39395
931932
448744
56370
610518
324871
280695
621272
85410
967782
673544
309233
924589
238195
95574
176293
205324
427842
687492
368901
439601
489830
380357
255725
763865
436375
403634
443907
768445
293505
677254
740463
134658
754231
779253
598364
107989
596603
48727
524175
492039
250787
209612
600730
441826
85407
822033
787263
179162
987387
328665
610692
993351
56256
255586
295682
399046
44377
261983
55590
167426
203605
155792
569467
704891
961279
779754
344383
950072
530057
209510
105612
727901
862951
358843
248521
593489
132617
844016
758595
143094
866297
770896
707524
928042
553700
293765
38000
502694
733459
232385
454040
340130
105462
671104
832339
573725
754192
932845
85897
463336
459373
298106
613970
394445
164102
214762
873338
21349
527276
122699
785073
148197
223301
578552
258969
628917
395792
303930
270484
8753
959886
326311
303922
705235
172967
738270
485283
70806
83286
187203
87681
272060
499447
105083
824307
462063
340866
509897
784145
851579
720387
917204
44031
381410
856626
161478
309344
505713
959871
781650
53264
879663
129861
606892
692583
333200
525021
601169
805794
483291
347722
990960
412511
334385
931675
400213
439577
903569
861260
676936
494503
841629
275923
352555
740299
410770
953610
798228
742398
353503
798440
246035
368677
291027
834264
672815
102748
260283
486196
925092
371387
808036
935634
341824
861685
126941
231552
948058
753677
115785
907517
353825
103348
551796
987326
172240
608392
917949
157040
827285
928734
972961
407494
166465
528796
281350
911211
830377
739543
391930
582956
306298
285065
639602
343174
134895
567761
890351
641887
260458
296859
311545
391559
511491
556545
651434
97232
200719
214022
473703
875546
885422
225984
966583
472840
909826
342643
721082
508945
561869
444083
920267
941305
799918
116020
698762
634627
166040
318194
843285
528419
242863
737216
956949
459309
827951
35370
582898
212554
919440
14024
856667
670589
392269
630020
531535
571629
135288
45317
11702
356807
132706
672998
198412
280336
786382
665960
252738
696987
746435
493970
890210
569839
479247
623921
532393
930792
596641
696946
880464
138842
554992
807756
47383
703965
501543
59545
473403
313544
918469
828395
82564
978211
902636
312966
959100
850206
73292
889867
875795
517699
100798
523159
17931
954641
732211
414105
56245
627840
907038
989085
123248
24643
608439
423370
33565
280004
655819
188384
628379
484997
837953
34784
480449
827206
555415
518320
133120
796308
787094
977643
829140
790236
633005
885880
92281
403779
974612
500374
140482
466551
208742
901153
858070
448081
416969
829247
485318
321062
363873
181771
546138
977017
662574
939460
838035
408616
754251
896352
511516
764733
763903
387830
413879
731036
162516
616631
328206
780925
708458
906384
454618
556054
78962
697762
130807
594079
885874
871303
898604
458474
51278
643703
613842
155426
13846
422036
691323
311968
43089
456676
572702
892055
764070
499614
919793
201056
590356
240126
848645
56271
766522
146651
555376
505990
484065
376944
566727
501541
969994
864038
815564
569758
316751
710701
925519
669769
839104
179839
807911
284499
375635
556347
138943
49825
553343
673407
182912
603821
867744
121190
776986
462744
536266
808592
302139
275980
458965
22137
752567
846590
241691
861204
203058
74903
512662
343091
228749
173360
526706
451572
495327
475391
881375
182995
277787
633408
441177
937763
205967
70750
202340
829646
650313
361315
696474
335677
59696
675080
779041
928449
301482
534978
598496
655831
327126
240597
5386
198517
702833
627995
21547
752203
19307
914967
176958
260751
875964
948242
96059
52392
912354
228041
220584
820499
226959
164779
214169
473702
967693
468290
591281
13902
854259
423733
572060
532032
429280
443686
891924
192602
667059
550255
499360
476536
501862
349760
757630
627977
655315
364805
122740
116164
832310
3919
932259
809972
955890
542151
970148
365413
201576
537682
966672
985135
689644
237410
853261
112959
986649
308721
426777
131831
808012
369152
884198
267937
668045
248879
536609
782652
666293
404203
61443
660774
428463
450579
938705
670343
947081
788739
600068
60224
998773
561425
303083
68334
228025
161766
234659
808243
858050
494250
872144
928418
484076
365007
756550
960719
276221
424909
750508
570723
480889
459606
657218
81160
791032
347009
1768
698417
287526
884863
876215
341299
842561
766269
380854
58723
909530
772320
150629
973895
192307
124169
746576
942051
8039
38394
741571
690865
281988
646391
940762
495811
549342
996366
737819
44453
694040
91355
631768
168440
209912
635113
965361
447117
739386
857431
347074
32431
408448
669759
138026
994613
132264
462529
305993
25393
814062
441204
897249
705218
813097
578445
93481
267266
292455
648761
390917
67096
321874
715862
723937
806756
112773
16292
380909
46633
213324
357996
776058
539551
638842
974844
869585
559712
982489
162260
351684
82617
538073
178627
103951
464998
117128
594335
716805
204748
723537
871375
138152
638052
661152
988311
670001
568120
82874
450598
334214
345754
466412
70068
428768
377967
23394
960995
431429
602521
378319
93212
163153
797535
278901
230276
41697
219535
162107
473381
311202
163700
661097
259023
219779
842271
702604
540860
871576
738482
324209
679134
583413
388656
80000
723115
754741
587686
201718
216113
762668
957827
798350
166434
3354
60654
61418
662120
979980
125494
53952
868144
736249
480123
770841
659949
229344
967042
480202
31167
744718
788668
232990
745736
428196
887658
343134
346012
631421
689983
771114
200920
32837
344691
159913
177920
84639
17213
636916
172729
366004
569541
813055
518295
884634
171118
93880
943439
79355
216855
157931
514942
833674
686591
664097
486773
696734
829891
975627
737082
207629
847412
680174
231413
813771
790457
511645
266370
434539
245409
693286
756706
111553
479059
320074
647721
877447
32852
943853
818572
669827
863724
760345
622769
887549
665577
194060
384689
34593
802193
421652
973606
331870
21924
446913
587303
881401
238170
150763
159695
559524
337064
76385
606556
407025
877253
547629
12768
16577
304171
291832
556672
126750
17636
713686
564769
182882
141186
714189
351067
807960
605099
150116
100163
907699
718087
745795
782114
850728
251823
780722
113132
178376
973756
759103
553331
96187
49630
162161
123775
501753
115408
427870
451369
580454
865627
262129
412751
402420
290973
743285
434256
586715
302112
418819
627861
403723
403922
816234
789045
182036
936717
643447
671460
697264
874508
991980
74128
548653
534125
238454
85314
460401
788081
414014
104934
976030
633394
46681
770414
893006
790540
82122
88463
623282
549746
714456
959767
519800
379575
446856
321681
493719
622942
416701
301423
68548
914029
610324
627186
231250
760302
170142
959247
86970
690864
546595
413139
327825
221315
367247
511943
920886
518248
917678
973125
828821
711952
64554
581515
517784
548510
72280
88259
579801
397665
543417
235043
816467
726126
141608
504831
815937
584759
440176
824518
412457
673753
232326
451044
470073
532401
736103
821218
552601
769657
102766
138196
375383
620816
855929
437746
677059
399238
94931
856005
190482
560587
577374
993195
630846
737867
152523
728914
152471
126301
426152
971062
878081
450603
812960
54948
805604
502400
657629
360647
188343
669489
194263
78934
597965
190027
635422
964650
395656
467095
310430
648849
154499
227235
426751
820297
665257
603085
873504
755417
551861
170696
466053
592367
611517
259751
871865
31570
274437
819083
394283
95343
608925
328696
551344
688156
415658
37367
140611
697959
839511
861253
760414
512636
98662
691137
822193
44654
286479
572921
6165
664715
993125
856856
401433
48309
767303
342305
833820
531814
530013
357509
346331
107630
775112
26305
852400
747059
856592
826250
266071
671393
604747
754319
483563
6766
508679
936339
85279
690165
269035
638306
342442
188137
4709
85387
74546
517129
982962
152899
514022
196934
380604
650609
346213
764237
608674
752934
257980
369515
75371
740974
593100
520045
891009
129598
239047
379984
416773
250088
437616
115799
888520
762209
132150
779825
602567
133937
220947
554660
406859
368863
780141
96229
606109
589456
41991
239779
7553
912652
706874
472468
543686
561995
78043
441633
151651
868769
128915
997607
232595
187802
160010
919820
500267
13199
672737
713812
331985
638338
747614
355879
228793
649454
499018
842926
159872
842800
751378
683685
168071
706045
819124
915296
949104
405886
118242
845622
896337
755595
664179
180356
871384
883664
937460
120268
754209
760702
101619
597404
140933
620266
440267
729725
271381
29493
384963
66109
856149
440180
340658
289587
732395
108198
306313
696420
792204
520469
745296
425622
728487
450379
889658
518252
952922
173045
276087
42422
759164
215773
6868
454699
912584
311396
942140
740731
365483
458218
128985
162301
108749
926830
850012
704558
954812
553296
681336
642886
382606
540017
154939
428842
765868
649308
477782
225328
995274
489606
56867
349439
243986
596858
290706
748956
319078
636597
802893
587224
814579
761328
213165
897368
490501
705249
446496
78828
48351
231280
907505
386141
569225
503587
551073
519688
883093
901197
301097
17820
758069
103552
107065
364072
863181
929972
791628
733419
408307
770848
105266
780057
669317
409639
580939
470048
648480
439584
790200
20634
703279
103030
417616
165737
402846
711313
106671
577155
169553
179071
198484
950306
609682
999865
371919
499171
402894
189477
627835
105713
59347
219773
169885
8716
577194
669778
817401
997359
538395
265282
265678
85907
253100
461683
732220
201373
134532
749790
691524
956491
155285
698485
407562
379002
713951
969744
876155
751182
412408
975147
476855
668166
910575
921356
654656
312891
421278
189706
327404
671194
142493
122551
799371
930681
166701
689312
362317
729097
870129
749084
405453
56574
953216
747090
87192
308138
226844
33560
180261
862806
540153
951915
581739
137200
935900
142756
147074
448401
188799
194504
416845
631033
267605
289667
892805
372473
707145
40900
874181
337454
376514
669782
999411
686001
34777
827175
810600
766797
395208
235018
791481
175182
236038
258566
61134
940631
317819
686449
340079
233720
459559
77812
243492
231852
803553
561046
321227
79419
987545
808536
863682
597959
713581
805987
947980
138181
634803
783660
615327
271275
887020
350919
778969
511420
302374
944087
808809
456000
732506
651992
977841
499615
558109
566708
675666
606572
868192
121637
988822
628317
314960
957546
550538
810401
175377
640593
488985
701806
95827
940235
329679
685568
482523
546610
459917
805151
524300
45959
807452
254503
295248
744091
338322
226527
255108
369158
541568
927435
418760
298483
74493
87307
9766
134528
441605
182837
5646
403652
519093
48501
419310
684741
125233
173068
702864
57267
446751
249070
253712
607894
457856
595416
985054
70573
925356
745131
323584
202548
943253
267526
450823
909773
907920
421892
407375
734584
388477
902806
194791
455271
101093
877191
833425
803225
288974
320761
119810
575744
393244
219703
198188
505937
380866
341298
242598
666910
994341
970251
395689
180307
350425
75460
159270
383713
179654
781962
822844
270859
803834
587025
391414
356105
295499
311788
982998
302558
254158
83169
726766
171176
410057
83748
292868
317955
303237
801110
753777
580154
611189
232469
672148
807863
358992
804257
728928
12032
670406
32711
994314
798536
394388
649711
844664
16569
256042
792092
579026
542912
395162
533812
820063
601833
663451
568997
424853
577418
458291
569591
947967
220278
4102
149690
494760
970742
260208
750367
445828
319460
172528
916151
875152
139397
575928
79519
128846
453359
688075
721602
666062
977438
74139
530555
444455
564446
894390
394891
363691
23927
171998
906828
78418
115760
475530
700930
942044
536206
448058
135584
10724
454782
697569
847265
276808
558345
44904
792336
893695
917940
184530
507302
637031
203164
997363
803086
553680
108605
85973
721574
596413
776091
215285
297522
920561
175530
848853
413950
276219
840173
297445
107828
245193
847199
568666
655168
445445
751875
431190
909399
179883
3393
566845
767763
662622
827268
182199
585451
587481
33323
128606
819660
344558
613684
80272
655782
962810
808300
160555
312254
874160
475334
403361
545294
755056
552428
671042
671333
350119
48778
680089
958225
160938
494851
671818
737581
632625
566348
729830
361077
750700
847881
105974
557685
233035
535622
896386
624048
419636
593150
615252
268019
855126
314265
12553
613315
635955
164848
293439
891238
150228
390015
657347
660829
22467
742695
383560
314657
93966
302851
172752
64001
866640
779884
975451
575084
786459
579784
519736
335621
738006
893691
294908
143665
586133
661641
183233
938636
21502
816155
562207
437285
314632
600490
184317
189999
374916
168132
639744
500774
922455
815270
700652
281582
99403
421580
868150
32972
594929
590824
972497
643117
209070
826556
735262
753357
334811
614894
689042
483112
108683
220531
60817
48594
69637
262203
661034
225446
470505
491644
55474
601394
683258
641850
862190
316478
391142
253126
672233
508665
214067
705462
305492
679112
468926
486406
750095
259160
605463
989487
237215
839748
766208
815852
739999
699166
48939
326925
179290
797419
746497
446765
349773
253265
238192
578578
828588
818881
205465
430998
99657
203696
877266
321757
842198
204555
743270
827146
605340
572409
184563
234082
90601
94493
79535
215218
841678
81232
548713
396046
405676
499152
174670
691387
736889
99093
621577
49125
778886
15089
238011
832443
862399
738309
320008
489506
325977
858301
923652
768466
223938
709499
210964
689941
216449
802716
715768
521386
359941
934264
755958
181989
933642
536449
309776
946892
325421
769801
336026
76812
387090
863670
682090
422924
421609
554836
861530
302083
594405
422468
972816
812914
470651
556283
730449
56069
967890
795137
927617
810520
423374
579651
882091
880515
613348
103419
313282
316623
110
562278
385448
979246
5287
521145
221305
316524
30490
201717
156141
974694
55215
511003
302292
850669
41355
694661
770548
150196
620653
557389
31495
902875
570812
163817
497290
187066
969219
479511
806637
490268
883502
952013
957074
351238
655286
792616
778133
731432
251859
172483
649056
19664
355534
255472
615102
649912
804120
538003
67227
347071
669598
632600
750683
327400
960835
811011
156604
128347
968868
854959
846558
436339
440735
559917
321919
851110
686192
49343
404114
874429
290732
993434
773421
132704
970213
312914
231294
137219
26378
299767
325632
325207
422820
70190
241674
340886
146609
186953
134788
239533
762258
361367
160375
917197
861401
256124
750520
997586
252476
577379
806059
461709
318584
935057
515964
99777
399315
955993
992954
109577
270573
637632
917499
374800
50324
516395
382
333210
845616
328644
946968
562699
638475
684362
188672
423974
585400
155702
897840
586584
662134
79757
472247
691745
751373
676872
95565
917913
878656
792305
967386
787713
342572
449568
766650
744495
797104
795885
952408
250813
156058
474189
431988
349699
434049
891642
395059
19084
336963
620674
559726
549826
334404
822029
882389
560077
568110
280141
495289
66070
303976
544687
10889
830031
972749
559444
167986
611470
387087
943114
371225
701116
613472
629207
871766
73782
998291
202318
447664
765227
113273
473722
62996
948613
164118
363028
416298
53242
321255
228893
963874
422313
814751
572869
595406
647717
601230
640039
848464
918920
945219
841744
372607
286855
4494
933364
699957
818703
231435
941921
823635
800864
209570
425039
419198
6098
56749
462281
328413
335010
968237
116468
729087
570701
98761
448475
146274
589670
560996
183073
219281
414951
509810
810741
50502
430311
130316
554774
837173
783571
317537
223584
205049
716175
660594
258329
43096
241322
848481
709317
486931
537059
835383
576296
135
776148
351560
820793
744610
825268
417797
755456
835390
667142
91474
841498
445368
790981
853103
533910
511510
286030
860204
685331
232659
117823
75461
544963
417303
787511
443013
927087
369187
463414
933229
521927
403059
784198
830344
287691
892661
469123
346597
264610
852972
555442
845986
516311
136684
15346
706545
539101
717393
168777
463146
15227
410870
637039
316688
274343
213234
875879
209747
566652
410916
738823
242710
285080
198265
160645
619027
629391
374072
57525
352613
577636
385170
689977
717401
452369
461354
616087
870013
970171
665733
106501
780110
99676
488724
278383
654054
329593
563522
800732
27811
679874
405204
510961
631904
546121
514024
247739
285643
94538
294533
594185
79860
695882
175833
397046
84836
173603
945922
993012
492067
105595
14710
702765
228918
360446
148711
667035
276290
689582
125413
88480
68392
7882
263194
765765
247515
857803
50734
211139
34154
260272
735450
33250
694024
436070
814982
919686
812661
738570
237409
33142
273555
977233
257355
578508
225212
954321
294563
211332
250289
674087
553548
104536
945878
955914
212698
389710
837666
597109
763850
930093
391340
12487
835491
252151
219785
118094
222634
275956
197146
275225
587264
891599
184388
547241
327240
59047
981482
571004
322115
827546
176113
934041
406696
45751
254774
578056
188486
691976
504044
201969
807940
771365
541837
715450
759568
852663
311437
827974
370174
667252
948207
816811
99816
11068
322340
965189
599616
930518
571354
626202
151364
26919
807832
513814
907500
842556
123442
499135
277128
576637
90865
368076
418684
389320
500991
316691
369026
619200
815376
388781
592430
673824
758040
214690
914240
490295
306212
348974
674731
69245
295526
79739
794519
479203
659129
904855
190474
550640
814352
805683
486509
117046
302453
167229
458855
287448
772461
926035
552195
835769
282829
912037
850645
327092
373813
699915
510588
476258
70672
791763
332738
384460
987994
15810
503457
899725
231684
144622
247850
744707
358114
442456
535234
391160
513987
352887
148235
145392
594199
978851
591929
312196
932907
334029
553734
323379
340379
194811
968863
698952
894361
356030
66967
155768
958433
746363
717469
570220
372894
423140
730624
750195
69048
534745
384044
112194
176179
123748
274459
501158
574123
259985
79622
820732
13722
600854
233892
782930
596944
352477
13758
251417
810304
795967
327271
815885
256088
252001
614359
809442
669623
88726
719257
982760
410300
157292
923395
381560
780267
719709
213084
472781
2931
414376
974005
800479
204362
211116
135814
210925
73687
801008
684785
110726
500591
219611
292184
366392
152393
440475
837833
157520
846610
287443
399209
999963
486356
138604
533355
440624
518797
238420
554827
325435
990072
33587
83157
932282
126964
477660
517234
798533
354035
587961
16704
713475
250848
903934
307478
626352
951741
143489
179120
565033
617535
24860
775617
74275
293053
202332
270079
468805
313664
790086
937414
155793
471106
395079
663327
701653
819571
748719
612772
27853
707980
824522
424783
591409
863414
440655
982448
264484
126889
286012
272022
265341
361609
897176
192434
888980
403555
350427
62639
384928
450856
880773
773644
7626
505643
107785
554010
380006
231397
575137
892669
481925
765002
512414
919799
668168
254609
341489
770884
24325
400711
366007
60564
636156
14065
498083
802414
488658
116433
503239
483951
669566
832886
170641
29726
157022
958578
76560
943710
612975
462550
258814
825537
443402
14544
664372
732148
57987
71349
126086
945012
275525
120097
172260
279095
488852
705576
93651
267861
764431
12512
166612
911839
888847
454157
619959
325124
530664
461279
998094
431855
411565
517903
368428
316241
376382
794878
732392
70146
383845
819384
86606
811482
810570
599197
986324
819932
348968
609508
750942
522709
887436
254938
614517
765209
312225
504647
869309
340315
500138
83282
665943
286435
335432
325051
704311
472472
614419
430570
882108
496512
425498
821192
177780
512260
346474
574969
176804
342261
810513
263413
99721
925275
754623
165772
739272
15334
704300
808408
326080
376083
553168
136112
248181
815736
203854
839211
243029
549871
279197
51141
358441
388745
37032
489358
541754
777507
865345
879415
797377
833763
771132
848253
388263
357300
41145
448247
987440
896673
318495
730787
414278
476477
485145
560122
989909
416646
780365
719840
33329
120324
479339
197257
311423
96603
268828
289126
417949
94102
443597
125254
538328
488993
806353
767180
638908
567307
261772
929246
312690
132539
202527
591133
737806
19275
588206
43783
97960
892670
181825
735258
407132
371655
25423
667678
26049
151047
287686
931231
293971
673614
242633
435353
655110
265388
627833
100362
882181
83052
701553
271016
985506
395738
331675
457548
721135
819635
67445
919829
757531
641072
